0.00000000000000
0.12500000000000
1.00000000000000
3.37500000000000
8.00000000000000
0.00000000000000
0.10406080258179
1.00000000000000
3.37585938768554
8.00000000000000
0.00000000000000
0.10212130083965
1.00000000000000
3.37595044421977
8.00000000000000
0.00000000000000
0.10406080258179
1.00000000000000
3.37585938768554
8.00000000000000
0.00000000000000
0.12500000000000
1.00000000000000
3.37500000000000
8.00000000000000
0.100000	69	7.359795e-15	

0.00000000000000
0.12500000000000
1.00000000000000
3.37500000000000
8.00000000000000
0.00000000000000
0.10406080258179
1.00000000000000
3.37585938768556
8.00000000000000
0.00000000000000
0.10212130083965
1.00000000000000
3.37595044421979
8.00000000000000
0.00000000000000
0.10406080258179
1.00000000000000
3.37585938768556
8.00000000000000
0.00000000000000
0.12500000000000
1.00000000000000
3.37500000000000
8.00000000000000
0.200000	1	2.815727e-15	

0.00000000000000
0.12500000000000
1.00000000000000
3.37500000000000
8.00000000000000
0.00000000000000
0.10406080258179
1.00000000000000
3.37585938768556
8.00000000000000
0.00000000000000
0.10212130083965
1.00000000000000
3.37595044421980
8.00000000000000
0.00000000000000
0.10406080258179
1.00000000000000
3.37585938768556
8.00000000000000
0.00000000000000
0.12500000000000
1.00000000000000
3.37500000000000
8.00000000000000
0.300000	1	1.290588e-15	

0.00000000000000
0.12500000000000
1.00000000000000
3.37500000000000
8.00000000000000
0.00000000000000
0.10406080258179
1.00000000000000
3.37585938768557
8.00000000000000
0.00000000000000
0.10212130083965
1.00000000000000
3.37595044421980
8.00000000000000
0.00000000000000
0.10406080258179
1.00000000000000
3.37585938768557
8.00000000000000
0.00000000000000
0.12500000000000
1.00000000000000
3.37500000000000
8.00000000000000
0.400000	1	5.169762e-16	

0.00000000000000
0.12500000000000
1.00000000000000
3.37500000000000
8.00000000000000
0.00000000000000
0.10406080258179
1.00000000000000
3.37585938768557
8.00000000000000
0.00000000000000
0.10212130083965
1.00000000000000
3.37595044421980
8.00000000000000
0.00000000000000
0.10406080258179
1.00000000000000
3.37585938768557
8.00000000000000
0.00000000000000
0.12500000000000
1.00000000000000
3.37500000000000
8.00000000000000
0.500000	1	7.667447e-17	

0.00000000000000
0.12500000000000
1.00000000000000
3.37500000000000
8.00000000000000
0.00000000000000
0.10406080258179
1.00000000000000
3.37585938768557
8.00000000000000
0.00000000000000
0.10212130083965
1.00000000000000
3.37595044421980
8.00000000000000
0.00000000000000
0.10406080258179
1.00000000000000
3.37585938768557
8.00000000000000
0.00000000000000
0.12500000000000
1.00000000000000
3.37500000000000
8.00000000000000
0.600000	1	7.667447e-17	

0.00000000000000
0.12500000000000
1.00000000000000
3.37500000000000
8.00000000000000
0.00000000000000
0.10406080258179
1.00000000000000
3.37585938768557
8.00000000000000
0.00000000000000
0.10212130083965
1.00000000000000
3.37595044421980
8.00000000000000
0.00000000000000
0.10406080258179
1.00000000000000
3.37585938768557
8.00000000000000
0.00000000000000
0.12500000000000
1.00000000000000
3.37500000000000
8.00000000000000
0.700000	1	7.667447e-17	

0.00000000000000
0.12500000000000
1.00000000000000
3.37500000000000
8.00000000000000
0.00000000000000
0.10406080258179
1.00000000000000
3.37585938768557
8.00000000000000
0.00000000000000
0.10212130083965
1.00000000000000
3.37595044421980
8.00000000000000
0.00000000000000
0.10406080258179
1.00000000000000
3.37585938768557
8.00000000000000
0.00000000000000
0.12500000000000
1.00000000000000
3.37500000000000
8.00000000000000
0.800000	1	7.667447e-17	

0.00000000000000
0.12500000000000
1.00000000000000
3.37500000000000
8.00000000000000
0.00000000000000
0.10406080258179
1.00000000000000
3.37585938768557
8.00000000000000
0.00000000000000
0.10212130083965
1.00000000000000
3.37595044421980
8.00000000000000
0.00000000000000
0.10406080258179
1.00000000000000
3.37585938768557
8.00000000000000
0.00000000000000
0.12500000000000
1.00000000000000
3.37500000000000
8.00000000000000
0.900000	1	7.667447e-17	

0.00000000000000
0.12500000000000
1.00000000000000
3.37500000000000
8.00000000000000
0.00000000000000
0.10406080258179
1.00000000000000
3.37585938768557
8.00000000000000
0.00000000000000
0.10212130083965
1.00000000000000
3.37595044421980
8.00000000000000
0.00000000000000
0.10406080258179
1.00000000000000
3.37585938768557
8.00000000000000
0.00000000000000
0.12500000000000
1.00000000000000
3.37500000000000
8.00000000000000
1.000000	1	7.667447e-17	

0.00000000000000
0.12500000000000
1.00000000000000
3.37500000000000
8.00000000000000
0.00000000000000
0.10406080258179
1.00000000000000
3.37585938768557
8.00000000000000
0.00000000000000
0.10212130083965
1.00000000000000
3.37595044421980
8.00000000000000
0.00000000000000
0.10406080258179
1.00000000000000
3.37585938768557
8.00000000000000
0.00000000000000
0.12500000000000
1.00000000000000
3.37500000000000
8.00000000000000
1.100000	1	7.667447e-17	

0.00000000000000
0.12500000000000
1.00000000000000
3.37500000000000
8.00000000000000
0.00000000000000
0.10406080258179
1.00000000000000
3.37585938768557
8.00000000000000
0.00000000000000
0.10212130083965
1.00000000000000
3.37595044421980
8.00000000000000
0.00000000000000
0.10406080258179
1.00000000000000
3.37585938768557
8.00000000000000
0.00000000000000
0.12500000000000
1.00000000000000
3.37500000000000
8.00000000000000
1.200000	1	7.667447e-17	

0.00000000000000
0.12500000000000
1.00000000000000
3.37500000000000
8.00000000000000
0.00000000000000
0.10406080258179
1.00000000000000
3.37585938768557
8.00000000000000
0.00000000000000
0.10212130083965
1.00000000000000
3.37595044421980
8.00000000000000
0.00000000000000
0.10406080258179
1.00000000000000
3.37585938768557
8.00000000000000
0.00000000000000
0.12500000000000
1.00000000000000
3.37500000000000
8.00000000000000
1.300000	1	7.667447e-17	

0.00000000000000
0.12500000000000
1.00000000000000
3.37500000000000
8.00000000000000
0.00000000000000
0.10406080258179
1.00000000000000
3.37585938768557
8.00000000000000
0.00000000000000
0.10212130083965
1.00000000000000
3.37595044421980
8.00000000000000
0.00000000000000
0.10406080258179
1.00000000000000
3.37585938768557
8.00000000000000
0.00000000000000
0.12500000000000
1.00000000000000
3.37500000000000
8.00000000000000
1.400000	1	7.667447e-17	

0.00000000000000
0.12500000000000
1.00000000000000
3.37500000000000
8.00000000000000
0.00000000000000
0.10406080258179
1.00000000000000
3.37585938768557
8.00000000000000
0.00000000000000
0.10212130083965
1.00000000000000
3.37595044421980
8.00000000000000
0.00000000000000
0.10406080258179
1.00000000000000
3.37585938768557
8.00000000000000
0.00000000000000
0.12500000000000
1.00000000000000
3.37500000000000
8.00000000000000
1.500000	1	7.667447e-17	

0.00000000000000
0.12500000000000
1.00000000000000
3.37500000000000
8.00000000000000
0.00000000000000
0.10406080258179
1.00000000000000
3.37585938768557
8.00000000000000
0.00000000000000
0.10212130083965
1.00000000000000
3.37595044421980
8.00000000000000
0.00000000000000
0.10406080258179
1.00000000000000
3.37585938768557
8.00000000000000
0.00000000000000
0.12500000000000
1.00000000000000
3.37500000000000
8.00000000000000
1.600000	1	7.667447e-17	

0.00000000000000
0.12500000000000
1.00000000000000
3.37500000000000
8.00000000000000
0.00000000000000
0.10406080258179
1.00000000000000
3.37585938768557
8.00000000000000
0.00000000000000
0.10212130083965
1.00000000000000
3.37595044421980
8.00000000000000
0.00000000000000
0.10406080258179
1.00000000000000
3.37585938768557
8.00000000000000
0.00000000000000
0.12500000000000
1.00000000000000
3.37500000000000
8.00000000000000
1.700000	1	7.667447e-17	

0.00000000000000
0.12500000000000
1.00000000000000
3.37500000000000
8.00000000000000
0.00000000000000
0.10406080258179
1.00000000000000
3.37585938768557
8.00000000000000
0.00000000000000
0.10212130083965
1.00000000000000
3.37595044421980
8.00000000000000
0.00000000000000
0.10406080258179
1.00000000000000
3.37585938768557
8.00000000000000
0.00000000000000
0.12500000000000
1.00000000000000
3.37500000000000
8.00000000000000
1.800000	1	7.667447e-17	

0.00000000000000
0.12500000000000
1.00000000000000
3.37500000000000
8.00000000000000
0.00000000000000
0.10406080258179
1.00000000000000
3.37585938768557
8.00000000000000
0.00000000000000
0.10212130083965
1.00000000000000
3.37595044421980
8.00000000000000
0.00000000000000
0.10406080258179
1.00000000000000
3.37585938768557
8.00000000000000
0.00000000000000
0.12500000000000
1.00000000000000
3.37500000000000
8.00000000000000
1.900000	1	7.667447e-17	

0.00000000000000
0.12500000000000
1.00000000000000
3.37500000000000
8.00000000000000
0.00000000000000
0.10406080258179
1.00000000000000
3.37585938768557
8.00000000000000
0.00000000000000
0.10212130083965
1.00000000000000
3.37595044421980
8.00000000000000
0.00000000000000
0.10406080258179
1.00000000000000
3.37585938768557
8.00000000000000
0.00000000000000
0.12500000000000
1.00000000000000
3.37500000000000
8.00000000000000
2.000000	1	7.667447e-17	

0.00000000000000
0.12500000000000
1.00000000000000
3.37500000000000
8.00000000000000
0.00000000000000
0.10406080258179
1.00000000000000
3.37585938768557
8.00000000000000
0.00000000000000
0.10212130083965
1.00000000000000
3.37595044421980
8.00000000000000
0.00000000000000
0.10406080258179
1.00000000000000
3.37585938768557
8.00000000000000
0.00000000000000
0.12500000000000
1.00000000000000
3.37500000000000
8.00000000000000
2.100000	1	7.667447e-17	

0.00000000000000
0.12500000000000
1.00000000000000
3.37500000000000
8.00000000000000
0.00000000000000
0.10406080258179
1.00000000000000
3.37585938768557
8.00000000000000
0.00000000000000
0.10212130083965
1.00000000000000
3.37595044421980
8.00000000000000
0.00000000000000
0.10406080258179
1.00000000000000
3.37585938768557
8.00000000000000
0.00000000000000
0.12500000000000
1.00000000000000
3.37500000000000
8.00000000000000
2.200000	1	7.667447e-17	

0.00000000000000
0.12500000000000
1.00000000000000
3.37500000000000
8.00000000000000
0.00000000000000
0.10406080258179
1.00000000000000
3.37585938768557
8.00000000000000
0.00000000000000
0.10212130083965
1.00000000000000
3.37595044421980
8.00000000000000
0.00000000000000
0.10406080258179
1.00000000000000
3.37585938768557
8.00000000000000
0.00000000000000
0.12500000000000
1.00000000000000
3.37500000000000
8.00000000000000
2.300000	1	7.667447e-17	

0.00000000000000
0.12500000000000
1.00000000000000
3.37500000000000
8.00000000000000
0.00000000000000
0.10406080258179
1.00000000000000
3.37585938768557
8.00000000000000
0.00000000000000
0.10212130083965
1.00000000000000
3.37595044421980
8.00000000000000
0.00000000000000
0.10406080258179
1.00000000000000
3.37585938768557
8.00000000000000
0.00000000000000
0.12500000000000
1.00000000000000
3.37500000000000
8.00000000000000
2.400000	1	7.667447e-17	

0.00000000000000
0.12500000000000
1.00000000000000
3.37500000000000
8.00000000000000
0.00000000000000
0.10406080258179
1.00000000000000
3.37585938768557
8.00000000000000
0.00000000000000
0.10212130083965
1.00000000000000
3.37595044421980
8.00000000000000
0.00000000000000
0.10406080258179
1.00000000000000
3.37585938768557
8.00000000000000
0.00000000000000
0.12500000000000
1.00000000000000
3.37500000000000
8.00000000000000
2.500000	1	7.667447e-17	

0.00000000000000
0.12500000000000
1.00000000000000
3.37500000000000
8.00000000000000
0.00000000000000
0.10406080258179
1.00000000000000
3.37585938768557
8.00000000000000
0.00000000000000
0.10212130083965
1.00000000000000
3.37595044421980
8.00000000000000
0.00000000000000
0.10406080258179
1.00000000000000
3.37585938768557
8.00000000000000
0.00000000000000
0.12500000000000
1.00000000000000
3.37500000000000
8.00000000000000
2.600000	1	7.667447e-17	

0.00000000000000
0.12500000000000
1.00000000000000
3.37500000000000
8.00000000000000
0.00000000000000
0.10406080258179
1.00000000000000
3.37585938768557
8.00000000000000
0.00000000000000
0.10212130083965
1.00000000000000
3.37595044421980
8.00000000000000
0.00000000000000
0.10406080258179
1.00000000000000
3.37585938768557
8.00000000000000
0.00000000000000
0.12500000000000
1.00000000000000
3.37500000000000
8.00000000000000
2.700000	1	7.667447e-17	

0.00000000000000
0.12500000000000
1.00000000000000
3.37500000000000
8.00000000000000
0.00000000000000
0.10406080258179
1.00000000000000
3.37585938768557
8.00000000000000
0.00000000000000
0.10212130083965
1.00000000000000
3.37595044421980
8.00000000000000
0.00000000000000
0.10406080258179
1.00000000000000
3.37585938768557
8.00000000000000
0.00000000000000
0.12500000000000
1.00000000000000
3.37500000000000
8.00000000000000
2.800000	1	7.667447e-17	

0.00000000000000
0.12500000000000
1.00000000000000
3.37500000000000
8.00000000000000
0.00000000000000
0.10406080258179
1.00000000000000
3.37585938768557
8.00000000000000
0.00000000000000
0.10212130083965
1.00000000000000
3.37595044421980
8.00000000000000
0.00000000000000
0.10406080258179
1.00000000000000
3.37585938768557
8.00000000000000
0.00000000000000
0.12500000000000
1.00000000000000
3.37500000000000
8.00000000000000
2.900000	1	7.667447e-17	

0.00000000000000
0.12500000000000
1.00000000000000
3.37500000000000
8.00000000000000
0.00000000000000
0.10406080258179
1.00000000000000
3.37585938768557
8.00000000000000
0.00000000000000
0.10212130083965
1.00000000000000
3.37595044421980
8.00000000000000
0.00000000000000
0.10406080258179
1.00000000000000
3.37585938768557
8.00000000000000
0.00000000000000
0.12500000000000
1.00000000000000
3.37500000000000
8.00000000000000
3.000000	1	7.667447e-17	

0.00000000000000
0.12500000000000
1.00000000000000
3.37500000000000
8.00000000000000
0.00000000000000
0.10406080258179
1.00000000000000
3.37585938768557
8.00000000000000
0.00000000000000
0.10212130083965
1.00000000000000
3.37595044421980
8.00000000000000
0.00000000000000
0.10406080258179
1.00000000000000
3.37585938768557
8.00000000000000
0.00000000000000
0.12500000000000
1.00000000000000
3.37500000000000
8.00000000000000
3.100000	1	7.667447e-17	

0.00000000000000
0.12500000000000
1.00000000000000
3.37500000000000
8.00000000000000
0.00000000000000
0.10406080258179
1.00000000000000
3.37585938768557
8.00000000000000
0.00000000000000
0.10212130083965
1.00000000000000
3.37595044421980
8.00000000000000
0.00000000000000
0.10406080258179
1.00000000000000
3.37585938768557
8.00000000000000
0.00000000000000
0.12500000000000
1.00000000000000
3.37500000000000
8.00000000000000
3.200000	1	7.667447e-17	

0.00000000000000
0.12500000000000
1.00000000000000
3.37500000000000
8.00000000000000
0.00000000000000
0.10406080258179
1.00000000000000
3.37585938768557
8.00000000000000
0.00000000000000
0.10212130083965
1.00000000000000
3.37595044421980
8.00000000000000
0.00000000000000
0.10406080258179
1.00000000000000
3.37585938768557
8.00000000000000
0.00000000000000
0.12500000000000
1.00000000000000
3.37500000000000
8.00000000000000
3.300000	1	7.667447e-17	

0.00000000000000
0.12500000000000
1.00000000000000
3.37500000000000
8.00000000000000
0.00000000000000
0.10406080258179
1.00000000000000
3.37585938768557
8.00000000000000
0.00000000000000
0.10212130083965
1.00000000000000
3.37595044421980
8.00000000000000
0.00000000000000
0.10406080258179
1.00000000000000
3.37585938768557
8.00000000000000
0.00000000000000
0.12500000000000
1.00000000000000
3.37500000000000
8.00000000000000
3.400000	1	7.667447e-17	

0.00000000000000
0.12500000000000
1.00000000000000
3.37500000000000
8.00000000000000
0.00000000000000
0.10406080258179
1.00000000000000
3.37585938768557
8.00000000000000
0.00000000000000
0.10212130083965
1.00000000000000
3.37595044421980
8.00000000000000
0.00000000000000
0.10406080258179
1.00000000000000
3.37585938768557
8.00000000000000
0.00000000000000
0.12500000000000
1.00000000000000
3.37500000000000
8.00000000000000
3.500000	1	7.667447e-17	

0.00000000000000
0.12500000000000
1.00000000000000
3.37500000000000
8.00000000000000
0.00000000000000
0.10406080258179
1.00000000000000
3.37585938768557
8.00000000000000
0.00000000000000
0.10212130083965
1.00000000000000
3.37595044421980
8.00000000000000
0.00000000000000
0.10406080258179
1.00000000000000
3.37585938768557
8.00000000000000
0.00000000000000
0.12500000000000
1.00000000000000
3.37500000000000
8.00000000000000
3.600000	1	7.667447e-17	

0.00000000000000
0.12500000000000
1.00000000000000
3.37500000000000
8.00000000000000
0.00000000000000
0.10406080258179
1.00000000000000
3.37585938768557
8.00000000000000
0.00000000000000
0.10212130083965
1.00000000000000
3.37595044421980
8.00000000000000
0.00000000000000
0.10406080258179
1.00000000000000
3.37585938768557
8.00000000000000
0.00000000000000
0.12500000000000
1.00000000000000
3.37500000000000
8.00000000000000
3.700000	1	7.667447e-17	

0.00000000000000
0.12500000000000
1.00000000000000
3.37500000000000
8.00000000000000
0.00000000000000
0.10406080258179
1.00000000000000
3.37585938768557
8.00000000000000
0.00000000000000
0.10212130083965
1.00000000000000
3.37595044421980
8.00000000000000
0.00000000000000
0.10406080258179
1.00000000000000
3.37585938768557
8.00000000000000
0.00000000000000
0.12500000000000
1.00000000000000
3.37500000000000
8.00000000000000
3.800000	1	7.667447e-17	

0.00000000000000
0.12500000000000
1.00000000000000
3.37500000000000
8.00000000000000
0.00000000000000
0.10406080258179
1.00000000000000
3.37585938768557
8.00000000000000
0.00000000000000
0.10212130083965
1.00000000000000
3.37595044421980
8.00000000000000
0.00000000000000
0.10406080258179
1.00000000000000
3.37585938768557
8.00000000000000
0.00000000000000
0.12500000000000
1.00000000000000
3.37500000000000
8.00000000000000
3.900000	1	7.667447e-17	

